0265
0328
0330
0335
0362
0367
0431
0441
0494
0519
0535
0537
0554
0616
0711
0738
0747
1189
1193
1370
1384
1527
1720
1754
1758
1765
1927
2108
2115
2225
2265
2305
2311
2314
2318
2321
2323
2347
2379
2427
2666
2740
3017
3019
3023
3055
3094
3100
3566
3568
3576
3579
3580
3608
3622
3630
3772
3778
3815
3830
3835
3844
3847
3910
3917
3919
3926
3940
3944
3941
4024
4025
4029
4070
4074
4134
4193
4209
4239
4243
4246
4253
4255
4283
4285
4303
4315
4349
4407
4420
4422
4430
4471
5042
5255
5449
5492
5616
5758
5777
5783
5808
6115
6130
6189
6194
6259
6267
6335
6346
6385
6390
6520
6631
6800
6832
6833
6834
6848